Start running transform
393642
-29426.1
-188240
-59401.2
-33931.3
-102055
-3616.91
-20787.8
-16763.8
-5948.27
123167
-58314.7
-13849.4
9276.95
-18967.6
-51517.1
-3395.46
13196.4
-19803.4
-17820.7
-12592.9
16331.2
44529.9
-33504.4
217.581
-8070.89
13717.5
-28391.3
-3673.42
-31116.1
46533.8
-28852.1
53535.8
90109.8
1504.01
-80693.9
-19034.3
60772.6
55435.5
-47649.6
-54052.4
25358.3
94456.9
-33109.3
4367.84
-46401.2
62613.1
-15198.8
276.877
304.426
-83.7628
-739.556
-8651.57
-45010.2
-11620.8
60754.6
38520.5
-93700.3
-65772.2
80528.5
63936.9
17407
7559.81
-82890.1
-36515.7
56650.8
-16005.5
4075.11
-4113.43
-40613.2
56609.7
-20108.4
-43658
2934.55
-7044.99
67884.2
-20129.1
-39553.8
50702.5
-7062.22
44705.4
-16034.8
-36525.9
59622.2
-7007.98
4075.83
-4145.68
-40541.3
19976.5
61.5523
-49.5204
40686.6
-11952
7035.24
-31353.7
67.3069
-98.0648
-31.674
-0.755926
47.5013
-6.36867
-103.427
117.69
4.3577
-69.8849
4176.71
47651.1
-7003.3
-40659.6
11902.5
-7014.02
67848.4
-20144.7
-39526.3
47622.9
-15986.7
4097.88
-4136.5
-43608.7
14101.7
-27263.4
8221.89
40641
20107
-44.2394
-35.3716
3083.86
-31325.4
18.3272
10.8332
-31649.9
8463.04
31630.3
-8464.42
17.2158
-31651.9
8461.43
31639.5
-8469.61
13.9898
-31653.1
8461.33
31634.9
-8461.58
14.0499
2.74298
23167.4
31623.9
-8466.47
11.4202
4.73489
23167.3
31631.2
-8477.59
24.0119
3.67423
23164.9
-14.6276
-23167.4
-23.6652
43.2611
-31653.7
40098.3
-8482.68
25.8583
2.48416
-31644.1
8450.96
-23182.1
31.2657
-1.69842
-31653.5
8472
31649.9
-8494.74
26.9698
-31619.9
8488.19
-85.2424
25.01
10.489
-10.5051
-8.38375
-5.77946
31675.5
-40124.5
8482.72
-2.44949
-18.9835
-23158.4
-7.77817
22.399
0.811132
-26.8057
-2.37334
-41.1119
56.4373
6.36894
-24.3655
2.66434
28.1252
10.7825
-15.3186
-16.3607
-12.8091
17.3359
15.0437
-3.92625
-4.65625
-28.8416
12.1341
20.1136
6.99492
-31666
-14717
16.5409
23.4689
0.328169
-31656.1
40110.7
-8480.91
26.8497
3.89838
23149.2
31639.6
-8478.15
15.0852
6.16769
23173
-25.3475
31636.2
-8460.78
15.9656
-31653.4
8469.33
31627
-8459.53
19.8294
23168.5
-12.7558
-15.4133
-23149.9
0.438997
-31635.2
8473.15
-27.8156
-23124.8
23193.3
-54.7532
17.2665
-31.73
-19.6746
22.0962
19.4758
7.159
-23133.6
